12 oonzx mounes

Numeri Numeri Numeri Numeri Numeri
tamnu cmm cuum rme-{m σιω-ιιι

21 18 41 42 61 80 20
22 26 42 22 62 81
23 28 43 44 68 82
24 27 44 46 64 83
26 30 46 60 66 84
26 31 46 48 66 86
27 32 47 46 67 86
28 48 49 68 87
29 42 47 62 88
10 30 60 62 70 82
11 31 61 61 71 20
12 32 62 64 72 21
14 63 66 73 22
38 66 74 23
13

&2333ae

oe-Qoevutf—caot—*to

3⁵3
ἒ

Ξὲέδὲτῖΐέ
ffiaeffiaeae

22³3
3ae

60 76 24
24 36 ' 67 76 26
16 37 67 68 77 26
17 38 20 68 69 78 27
26 32 21 62 61 72 28
12 40 37 60 62

’ Berolini 9 Kal. Febmcariao 1867.

&²ss
3333

ae

 

